The following combinations (a, \alpha, \epsilon) fail to compute
[
	[0.33266666666666667, -6.84, -5.96], 
	[0.6653333333333333, -4.8, -3.92], 
	[0.5544444444444444, -5.55, -3.94], 
	[0.6653333333333333, -4.71, -1.46], 
	[0.5544444444444444, -5.55, -3.93], 
	[0.7762222222222223, -4.08, -1.58], 
	[0.8871111111111111, -2.61, 0.03], 
	[0.998, -1.02, 6.09], 
	[0.7762222222222223, -4.23, 0.1], 
	[0.7762222222222223, -4.2, 2.1], 
	[0.7762222222222223, -3.92, 4.05], 
	[0.7762222222222223, -3.81, -1.72], 
	[0.7762222222222223, -4.0, 0.0], 
	[0.7762222222222223, -4.0, 2.0], 
	[0.7762222222222223, -3.9, 4.1]
]

all work fine when \alpha is increased by 0.6