[-0.998, -0.499, 0.0, 0.499, 0.998],
[3.0, 5.0, 7.0, 9.0, 11.0, 13.0, 15.0],
[5.0, 18.333333333333332, 31.666666666666668, 45.0, 58.333333333333336, 71.66666666666667, 85.0],
[-8.0, -3.5, 1.0, 5.5, 10.0],
[-8.0, -3.5, 1.0, 5.5, 10.0],
[-0.998, 0.0, 0.998],
[3.0, 9.0, 15.0],
[5.0, 45.0, 85.0],
[-8.0, 1.0, 10.0],
[-8.0, 1.0, 10.0],
[-0.998, 0.0, 0.998],
[3.0, 9.0, 15.0],
[5.0, 45.0, 85.0],
[-8.0, 1.0, 10.0],
[-8.0, 1.0, 10.0],
[-0.998, 0.0, 0.998],
[3.0, 9.0, 15.0],
[5.0, 45.0, 85.0],
[-8.0, 1.0, 10.0],
[-8.0, 1.0, 10.0],
[-0.998, 0.0, 0.998],
[3.0, 9.0, 15.0],
[5.0, 45.0, 85.0],
[-8.0, 1.0, 10.0],
[-8.0, 1.0, 10.0],
[-0.998, 0.0, 0.998],
[3.0, 9.0, 15.0],
[5.0, 45.0, 85.0],
[-8.0, 1.0, 10.0],
[-8.0, 1.0, 10.0],
[-0.998, 0.0, 0.998],
[3.0, 9.0, 15.0],
[5.0, 45.0, 85.0],
[-8.0, 1.0, 10.0],
[-8.0, 1.0, 10.0],
[-0.998, 0.0, 0.998],
[3.0, 9.0, 15.0],
[5.0, 45.0, 85.0],
[-8.0, 1.0, 10.0],
[-8.0, 1.0, 10.0],
[-0.998, 0.0, 0.998],
[3.0, 9.0, 15.0],
[5.0, 45.0, 85.0],
[-8.0, 1.0, 10.0],
[-8.0, 1.0, 10.0],
[-0.998, 0.0, 0.998],
[3.0, 9.0, 15.0],
[5.0, 45.0, 85.0],
[-8.0, 1.0, 10.0],
[-8.0, 1.0, 10.0],
[-0.998, -0.8165454545454546, -0.635090909090909, -0.4536363636363636, -0.2721818181818182, -0.09072727272727273, 0.09072727272727273, 0.2721818181818182, 0.4536363636363636, 0.635090909090909, 0.8165454545454546, 0.998],
[3.0, 4.714285714285714, 6.428571428571429, 8.142857142857142, 9.857142857142858, 11.571428571428571, 13.285714285714286, 15.0],
[5.0, 16.428571428571427, 27.857142857142858, 39.285714285714285, 50.714285714285715, 62.142857142857146, 73.57142857142857, 85.0],
[-8.0, -6.363636363636363, -4.7272727272727275, -3.090909090909091, -1.4545454545454546, 0.18181818181818182, 1.8181818181818181, 3.4545454545454546, 5.090909090909091, 6.7272727272727275, 8.363636363636363, 10.0],
[-8.0, -6.363636363636363, -4.7272727272727275, -3.090909090909091, -1.4545454545454546, 0.18181818181818182, 1.8181818181818181, 3.4545454545454546, 5.090909090909091, 6.7272727272727275, 8.363636363636363, 10.0],
[-0.998, -0.8165454545454546, -0.635090909090909, -0.4536363636363636, -0.2721818181818182, -0.09072727272727273, 0.09072727272727273, 0.2721818181818182, 0.4536363636363636, 0.635090909090909, 0.8165454545454546, 0.998],
[3.0, 4.714285714285714, 6.428571428571429, 8.142857142857142, 9.857142857142858, 11.571428571428571, 13.285714285714286, 15.0],
[5.0, 16.428571428571427, 27.857142857142858, 39.285714285714285, 50.714285714285715, 62.142857142857146, 73.57142857142857, 85.0],
[-8.0, -6.363636363636363, -4.7272727272727275, -3.090909090909091, -1.4545454545454546, 0.18181818181818182, 1.8181818181818181, 3.4545454545454546, 5.090909090909091, 6.7272727272727275, 8.363636363636363, 10.0],
[-8.0, -6.363636363636363, -4.7272727272727275, -3.090909090909091, -1.4545454545454546, 0.18181818181818182, 1.8181818181818181, 3.4545454545454546, 5.090909090909091, 6.7272727272727275, 8.363636363636363, 10.0],
