[-0.998, -0.7984, -0.5988, -0.3992, -0.1996, 0.0, 0.1996, 0.3992, 0.5988, 0.7984, 0.998],
[3.0, 4.5, 6.0, 7.5, 9.0, 10.5, 12.0, 13.5, 15.0],
[5.0, 15.0, 25.0, 35.0, 45.0, 55.0, 65.0, 75.0, 85.0],
[-8.0, -6.0, -4.0, -2.0, 0.0, 2.0, 4.0, 6.0, 8.0, 10.0],
[-8.0, -6.0, -4.0, -2.0, 0.0, 2.0, 4.0, 6.0, 8.0, 10.0],
[-0.998, -0.7984, -0.5988, -0.3992, -0.1996, 0.0, 0.1996, 0.3992, 0.5988, 0.7984, 0.998],
[3.0, 4.5, 6.0, 7.5, 9.0, 10.5, 12.0, 13.5, 15.0],
[5.0, 15.0, 25.0, 35.0, 45.0, 55.0, 65.0, 75.0, 85.0],
[-8.0, -6.0, -4.0, -2.0, 0.0, 2.0, 4.0, 6.0, 8.0, 10.0],
[-8.0, -6.0, -4.0, -2.0, 0.0, 2.0, 4.0, 6.0, 8.0, 10.0],
[-0.998, -0.8316666666666667, -0.6653333333333333, -0.499, -0.33266666666666667, -0.16633333333333333, 0.0, 0.16633333333333333, 0.33266666666666667, 0.499, 0.6653333333333333, 0.8316666666666667, 0.998],
[3.0, 4.5, 6.0, 7.5, 9.0, 10.5, 12.0, 13.5, 15.0],
[5.0, 15.0, 25.0, 35.0, 45.0, 55.0, 65.0, 75.0, 85.0],
[-8.0, -6.0, -4.0, -2.0, 0.0, 2.0, 4.0, 6.0, 8.0, 10.0],
[-8.0, -6.0, -4.0, -2.0, 0.0, 2.0, 4.0, 6.0, 8.0, 10.0],
[-0.998, -0.8316666666666667, -0.6653333333333333, -0.499, -0.33266666666666667, -0.16633333333333333, 0.0, 0.16633333333333333, 0.33266666666666667, 0.499, 0.6653333333333333, 0.8316666666666667, 0.998],
[3.0, 4.714285714285714, 6.428571428571429, 8.142857142857142, 9.857142857142858, 11.571428571428571, 13.285714285714286, 15.0],
[5.0, 16.428571428571427, 27.857142857142858, 39.285714285714285, 50.714285714285715, 62.142857142857146, 73.57142857142857, 85.0],
[-8.0, -6.0, -4.0, -2.0, 0.0, 2.0, 4.0, 6.0, 8.0, 10.0],
[-8.0, -6.0, -4.0, -2.0, 0.0, 2.0, 4.0, 6.0, 8.0, 10.0],
[-0.998, -0.8316666666666667, -0.6653333333333333, -0.499, -0.33266666666666667, -0.16633333333333333, 0.0, 0.16633333333333333, 0.33266666666666667, 0.499, 0.6653333333333333, 0.8316666666666667, 0.998],
[3.0, 4.714285714285714, 6.428571428571429, 8.142857142857142, 9.857142857142858, 11.571428571428571, 13.285714285714286, 15.0],
[5.0, 16.428571428571427, 27.857142857142858, 39.285714285714285, 50.714285714285715, 62.142857142857146, 73.57142857142857, 85.0],
[-8.0, -6.0, -4.0, -2.0, 0.0, 2.0, 4.0, 6.0, 8.0, 10.0],
[-8.0, -6.0, -4.0, -2.0, 0.0, 2.0, 4.0, 6.0, 8.0, 10.0],
